 2.200  11.20   -6.0    6.0     1.0e-5  true   true
 6.200  0.50    2.00    1.85    0.40    5.00    -3.40
  1.688  -5.071  -3.1741  CS3L
  0       0       0
  1.688  -3.043  -5.9843  CS2L
  0       0       0
  1.688  -1.014  -8.0092  CS1L
  0       0       0
  1.688   1.014  -8.4303  CS1U
  0       0       0
  1.688   3.043  -7.1231  CS2U
  0       0       0
  1.688   5.071  -4.31    CS3U
  0       0       0
  3.954   7.557  -3.11    PF1
  0       0       0
  8.309   6.530  -4.1421  PF2
  0       0       0
 11.935   3.265  -4.2928  PF3
  0       0       0
 11.905  -2.243  -4.4674  PF4
  0       0       0
  8.395  -6.730  -3.1809  PF5
  0       0       0
  4.287  -7.557  -2.5238  PF6
  0       0       0
  0       0       0
  3     -2.0
  15.0  0.65    1.2
  6.41  0.52    -1.8    1.0e10